type: <class 'dict'>
keys: ['Description', 'training data list', 'training label list', 'testing data list', 'testing label list', 'time', 'classdir']

Description: <class 'str'> None
RealisticReceivedPSD_Generated_260103_001533

training data list: <class 'list'> None
[[tensor([[[1.4943e-07, 1.3148e-06, 4.7098e-07,  ..., 6.1156e-07,
          4.4093e-08, 5.3489e-07],
         [7.6151e-07, 6.9817e-07, 7.7889e-07,  ..., 3.4547e-08,
          3.9966e-07, 1.0542e-07],
         [7.3060e-07, 1.8974e-08, 2.0095e-06,  ..., 1.6269e-07,
          1.4519e-06, 3.4125e-08],
         ...,
         [1.0295e-06, 3.7463e-07, 1.0034e-06,  ..., 1.2529e-06,
          6.2446e-07, 1.0927e-06],
         [4.5449e-07, 3.6761e-07, 4.1375e-07,  ..., 2.6531e-07,
          6.7313e-07, 2.6571e-07],
         [1.5425e-06, 3.6143e-07, 1.5043e-06,  ..., 1.1788e-06,
          1.2537e-06, 1.5935e-06]]]), tensor([[[8.9787e-07, 7.8158e-08, 4.1711e-07,  ..., 1.1107e-06,
          1.1806e-06, 3.8307e-07],
         [1.0538e-06, 6.5353e-07, 1.3907e-06,  ..., 4.4097e-08,
          1.4060e-06, 3.4358e-07],
         [1.2370e-06, 1.6307e-07, 1.1204e-06,  ..., 1.1423e-06,
          5.3646e-07, 1.1573e-06],
         ...,
         [8.8289e-07, 2.7475e-07, 9.1298e-07,  ..., 1.0852e-07,
          4.2878e-07, 1.0470e-07],
         [1.8153e-07, 6.8363e-07, 1.0420e-06,  ..., 1.7715e-06,
          5.7560e-07, 6.5412e-09],
         [8.9138e-07, 5.8585e-07, 1.0523e-06,  ..., 2.3776e-07,
          1.5947e-07, 4.4384e-07]]]), tensor([[[1.6356e-07, 2.4866e-07, 9.0068e-07,  ..., 4.0527e-07,
          5.3862e-07, 3.0111e-07],
         [1.0840e-06, 1.2275e-07, 3.5260e-07,  ..., 1.6480e-06,
          3.5859e-07, 3.7573e-07],
         [8.9625e-07, 7.4916e-07, 9.8615e-09,  ..., 1.8391e-07,
          2.5764e-07, 2.0891e-06],
         ...,
         [4.5203e-08, 2.5065e-07, 1.2731e-06,  ..., 1.3155e-06,
          2.5462e-06, 8.6253e-07],
         [9.3961e-07, 5.5710e-07, 4.4451e-07,  ..., 5.3317e-07,
          2.4118e-07, 9.4321e-07],
         [3.8935e-07, 8.0405e-07, 6.0531e-07,  ..., 7.6135e-08,
          1.4042e-06, 7.8281e-07]]]), tensor([[[1.8752e-06, 9.9754e-07, 8.3065e-07,  ..., 9.3486e-07,
          3.0557e-07, 1.2928e-06],
         [7.8818e-09, 7.5488e-07, 5.6913e-07,  ..., 1.1037e-06,
          8.9915e-07, 4.4016e-07],
         [4.4168e-07, 7.5303e-07, 4.1950e-07,  ..., 6.9181e-07,
          6.9963e-07, 5.3435e-07],
         ...,
         [1.0842e-07, 4.4708e-07, 5.3219e-07,  ..., 1.9810e-07,
          3.8192e-07, 3.6025e-07],
         [1.8364e-06, 5.5174e-07, 2.1992e-07,  ..., 6.7011e-07,
          9.5312e-07, 8.1162e-07],
         [1.6333e-06, 8.4099e-07, 1.3650e-06,  ..., 1.0534e-06,
          8.4410e-07, 2.2495e-07]]]), tensor([[[2.7274e-07, 8.5328e-07, 1.3094e-06,  ..., 1.2292e-06,
          1.0444e-06, 9.5105e-08],
         [1.9024e-07, 3.6114e-07, 4.4508e-07,  ..., 8.8607e-07,
          2.5925e-07, 1.4585e-06],
         [1.0257e-06, 6.6756e-08, 7.4743e-07,  ..., 5.6320e-07,
          6.8803e-07, 1.7586e-06],
         ...,
         [2.1175e-06, 2.4022e-07, 1.1013e-06,  ..., 1.4522e-06,
          6.4842e-07, 1.9761e-06],
         [8.3769e-07, 1.8974e-07, 9.9460e-07,  ..., 1.2152e-06,
          3.0787e-07, 1.0012e-06],
         [1.9000e-06, 1.1332e-06, 1.5183e-06,  ..., 1.1300e-06,
          1.3948e-06, 1.3940e-06]]]), tensor([[[5.3205e-07, 1.6641e-06, 1.3975e-06,  ..., 9.0191e-07,
          7.4396e-08, 4.7107e-07],
         [2.9433e-07, 1.8205e-07, 6.7565e-07,  ..., 3.4510e-07,
          1.7525e-06, 1.5599e-06],
         [1.2403e-06, 1.7217e-06, 1.1529e-06,  ..., 1.7237e-07,
          3.4960e-07, 1.0500e-07],
         ...,
         [6.5984e-07, 1.5099e-06, 1.4215e-06,  ..., 6.4396e-07,
          8.2895e-07, 1.5786e-06],
         [4.6652e-07, 8.3152e-07, 2.2658e-06,  ..., 8.9724e-07,
          1.6947e-06, 1.5982e-07],
         [4.8435e-07, 1.7626e-06, 1.2605e-09,  ..., 3.0695e-08,
          7.0159e-07, 3.3701e-07]]]), tensor([[[9.7445e-08, 1.0722e-06, 1.4042e-06,  ..., 4.6064e-07,
          3.9882e-07, 1.4430e-07],
         [2.2185e-07, 2.4559e-06, 6.3355e-07,  ..., 2.1568e-06,
          1.5195e-07, 6.8407e-07],
         [9.0643e-07, 9.9767e-07, 5.6353e-07,  ..., 1.3667e-06,
          1.4342e-06, 1.0114e-06],
         ...,
         [2.4629e-07, 4.6979e-07, 2.1317e-08,  ..., 1.0599e-06,
          7.1463e-07, 5.1462e-07],
         [3.0656e-07, 6.5661e-07, 4.8515e-08,  ..., 1.8012e-06,
          6.3469e-07, 6.0140e-07],
         [2.2627e-07, 5.1544e-08, 1.7846e-06,  ..., 4.2832e-07,
          6.6030e-08, 1.2767e-07]]]), tensor([[[9.0584e-07, 3.3457e-07, 1.4770e-07,  ..., 5.9056e-08,
          4.4409e-07, 3.3966e-07],
         [4.0054e-07, 1.1894e-06, 1.2466e-06,  ..., 1.0992e-06,
          5.6732e-07, 2.0440e-06],
         [1.4520e-07, 2.3129e-07, 2.2448e-06,  ..., 3.7753e-07,
          3.4760e-07, 1.6248e-06],
         ...,
         [1.3749e-06, 6.3893e-07, 3.6196e-07,  ..., 1.7302e-06,
          4.1018e-07, 8.5976e-07],
         [1.7463e-06, 2.1456e-07, 3.0112e-07,  ..., 2.4477e-09,
          3.7212e-07, 1.1666e-07],
         [1.3945e-06, 1.4675e-06, 1.0726e-06,  ..., 5.9094e-07,
          1.7858e-06, 6.6476e-07]]]), tensor([[[2.9025e-07, 1.0285e-06, 1.5101e-06,  ..., 6.9570e-07,
          7.3145e-08, 1.5728e-08],
         [3.2140e-07, 7.1346e-07, 8.5333e-07,  ..., 6.0181e-07,
          1.0174e-06, 1.0158e-06],
         [1.3897e-06, 1.0645e-06, 1.4083e-07,  ..., 2.9830e-07,
          2.5699e-07, 1.0988e-06],
         ...,
         [4.3084e-07, 1.2362e-06, 1.1060e-06,  ..., 8.3156e-07,
          8.6650e-07, 6.9615e-07],
         [2.2054e-07, 6.9023e-07, 2.1110e-07,  ..., 5.0916e-07,
          9.1193e-07, 8.9257e-08],
         [1.4972e-06, 6.1698e-07, 3.2598e-07,  ..., 9.9216e-07,
          1.1400e-06, 1.3979e-06]]]), tensor([[[3.7759e-07, 8.8726e-08, 1.5468e-06,  ..., 6.8502e-07,
          3.3512e-07, 1.2864e-06],
         [1.7016e-06, 6.3799e-07, 6.1432e-07,  ..., 1.5715e-06,
          1.4268e-06, 1.8295e-06],
         [3.5666e-07, 9.9520e-08, 2.7790e-07,  ..., 1.1341e-06,
          6.1489e-07, 2.6572e-07],
         ...,
         [1.4478e-06, 1.4742e-06, 9.0106e-07,  ..., 1.3192e-06,
          1.3784e-06, 9.3593e-07],
         [1.5784e-06, 1.5207e-06, 3.9567e-07,  ..., 1.1337e-06,
          1.9034e-06, 4.0291e-07],
         [2.4806e-06, 8.4570e-08, 1.9772e-06,  ..., 2.7685e-06,
          2.1073e-06, 7.9352e-07]]])], [tensor([[[1.2577e-06, 7.6712e-07, 1.2975e-06,  ..., 1.0436e-06,
          6.2659e-07, 8.6700e-07],
         [2.4539e-07, 1.2203e-07, 2.0647e-06,  ..., 1.4669e-07,
          1.8339e-07, 8.0132e-07],
         [8.3825e-08, 2.5202e-07, 1.1630e-06,  ..., 1.7701e-06,
          7.0309e-07, 6.9604e-07],
         ...,
         [3.2549e-07, 3.8499e-07, 6.6565e-07,  ..., 9.2804e-07,
          3.7442e-07, 5.8818e-07],
         [5.4106e-07, 1.4483e-06, 1.0056e-06,  ..., 3.0636e-07,
          1.0867e-06, 2.5816e-06],
         [1.6484e-08, 2.9837e-07, 9.5274e-07,  ..., 4.6757e-07,
          2.5262e-07, 1.0534e-06]]]), tensor([[[7.8584e-07, 2.5776e-07, 1.7710e-07,  ..., 1.8188e-07,
          9.5754e-07, 2.0977e-08],
         [7.4973e-07, 1.8214e-06, 1.6761e-07,  ..., 9.2193e-07,
          2.6969e-07, 2.4673e-06],
         [1.7454e-06, 5.3686e-07, 6.2243e-08,  ..., 1.2673e-06,
          5.1848e-07, 1.5480e-07],
         ...,
         [5.3822e-07, 3.7645e-07, 2.1497e-06,  ..., 9.7458e-07,
          4.4954e-07, 7.7457e-07],
         [1.2612e-06, 1.6254e-06, 5.6331e-07,  ..., 2.9901e-06,
          5.6808e-07, 1.6501e-06],
         [3.7973e-07, 8.5355e-07, 4.3444e-07,  ..., 2.1268e-07,
          4.3733e-07, 5.1299e-07]]]), tensor([[[7.9099e-07, 5.6693e-07, 1.2658e-06,  ..., 1.7302e-06,
          1.0532e-07, 3.8174e-07],
         [1.7365e-07, 3.9617e-08, 8.9569e-07,  ..., 1.6539e-06,
          1.5693e-06, 1.2435e-06],
         [2.3947e-07, 9.6785e-07, 1.5903e-06,  ..., 9.9136e-07,
          1.9598e-07, 7.6972e-07],
         ...,
         [5.3816e-07, 1.6046e-07, 1.3436e-07,  ..., 1.3865e-07,
          1.7721e-06, 1.7393e-08],
         [1.4296e-06, 1.1462e-06, 5.2672e-07,  ..., 2.9551e-08,
          1.3392e-06, 1.5658e-06],
         [1.8554e-06, 1.5459e-07, 4.7112e-07,  ..., 8.3203e-07,
          1.8222e-06, 1.2955e-07]]]), tensor([[[1.9443e-06, 1.2629e-06, 3.6953e-07,  ..., 1.4295e-07,
          3.1708e-07, 7.0599e-07],
         [1.9464e-06, 4.2630e-07, 1.2300e-06,  ..., 1.5846e-06,
          5.2322e-07, 9.6630e-07],
         [7.6639e-08, 7.6693e-07, 3.1768e-06,  ..., 3.2045e-07,
          5.1678e-07, 5.9609e-07],
         ...,
         [1.1104e-06, 1.3635e-06, 2.5148e-07,  ..., 1.3862e-06,
          1.0362e-06, 5.7339e-07],
         [1.7770e-06, 1.1558e-06, 1.5844e-06,  ..., 1.2250e-06,
          5.0432e-07, 6.7045e-07],
         [3.6183e-07, 1.5758e-07, 3.8159e-07,  ..., 2.2132e-07,
          4.5726e-07, 3.3082e-07]]]), tensor([[[1.5758e-06, 4.0307e-07, 6.6996e-09,  ..., 1.5945e-06,
          7.2398e-07, 2.8259e-07],
         [1.2932e-06, 8.8934e-07, 4.1567e-07,  ..., 4.1386e-07,
          4.6346e-07, 2.4668e-06],
         [5.4316e-08, 2.6474e-07, 8.5956e-07,  ..., 6.9136e-08,
          5.5375e-07, 3.8084e-07],
         ...,
         [4.7712e-07, 1.7042e-07, 8.1010e-07,  ..., 1.5594e-06,
          3.1688e-07, 1.4615e-06],
         [6.5451e-07, 3.9136e-07, 1.6826e-06,  ..., 1.1408e-06,
          2.4440e-07, 3.6154e-07],
         [2.0781e-06, 1.1598e-06, 7.8554e-07,  ..., 9.1658e-07,
          8.0649e-08, 7.4931e-07]]]), tensor([[[1.2949e-06, 2.5295e-06, 7.1884e-07,  ..., 2.3813e-06,
          1.3921e-06, 1.7008e-06],
         [3.8519e-07, 6.7094e-07, 1.2410e-06,  ..., 1.2979e-07,
          1.7522e-06, 3.1002e-07],
         [9.4663e-07, 1.3183e-07, 1.9119e-07,  ..., 1.1894e-06,
          4.5173e-07, 9.1266e-07],
         ...,
         [2.1529e-06, 6.8442e-07, 1.8452e-06,  ..., 2.6279e-06,
          1.6528e-06, 1.3191e-06],
         [2.7116e-08, 3.4140e-07, 2.4392e-07,  ..., 2.5551e-07,
          4.7585e-07, 6.7709e-07],
         [1.3830e-06, 1.0211e-06, 1.9105e-06,  ..., 3.1874e-08,
          5.2218e-07, 1.0480e-06]]]), tensor([[[7.5243e-07, 3.2893e-07, 3.6355e-07,  ..., 5.2970e-07,
          8.3033e-07, 9.0872e-07],
         [3.7078e-07, 1.0834e-06, 2.2934e-07,  ..., 1.6906e-06,
          6.9657e-07, 1.6096e-06],
         [1.0852e-06, 1.5934e-07, 5.5914e-07,  ..., 7.6665e-07,
          9.5292e-07, 5.2520e-07],
         ...,
         [1.7754e-06, 3.2467e-07, 2.8876e-07,  ..., 1.4104e-07,
          4.1844e-07, 5.1664e-08],
         [7.0042e-07, 8.1996e-07, 1.5582e-07,  ..., 1.6233e-06,
          3.7229e-07, 4.7539e-08],
         [9.4128e-07, 2.2467e-06, 6.8505e-07,  ..., 8.2470e-07,
          7.9436e-08, 1.3918e-06]]]), tensor([[[3.9517e-07, 5.8071e-07, 3.4590e-07,  ..., 8.9124e-07,
          1.9098e-06, 9.0208e-07],
         [1.7673e-06, 4.6740e-07, 4.4067e-07,  ..., 8.4939e-07,
          4.9628e-07, 6.8456e-07],
         [6.4408e-07, 2.7985e-07, 2.6017e-07,  ..., 1.0234e-06,
          1.7112e-06, 4.5486e-07],
         ...,
         [1.2967e-06, 1.3878e-06, 1.5951e-07,  ..., 6.2424e-07,
          4.1530e-07, 6.4883e-07],
         [1.9744e-06, 7.3869e-07, 1.4722e-06,  ..., 1.5760e-06,
          4.8529e-07, 1.2838e-06],
         [9.1068e-07, 6.5908e-07, 4.2742e-07,  ..., 1.0470e-06,
          3.9037e-08, 1.2553e-06]]]), tensor([[[6.5669e-07, 2.8520e-07, 8.1229e-07,  ..., 3.7018e-07,
          5.4044e-07, 2.2158e-07],
         [1.0121e-06, 2.0164e-06, 1.6005e-07,  ..., 1.4607e-07,
          6.0662e-07, 3.6121e-08],
         [3.2516e-07, 1.5658e-06, 1.5960e-08,  ..., 1.1155e-06,
          1.1291e-06, 4.1172e-07],
         ...,
         [1.8509e-06, 4.5038e-07, 9.9321e-07,  ..., 1.2156e-06,
          1.5621e-06, 9.6600e-07],
         [1.0640e-06, 1.5758e-06, 8.8034e-07,  ..., 2.6095e-08,
          1.1689e-06, 1.0575e-06],
         [8.5880e-07, 1.2014e-06, 4.6250e-07,  ..., 3.2921e-07,
          5.1946e-07, 1.8576e-08]]]), tensor([[[4.7170e-07, 1.2378e-06, 1.0906e-07,  ..., 4.2693e-07,
          2.7772e-07, 7.8965e-07],
         [1.0837e-06, 1.4898e-06, 2.8137e-08,  ..., 1.4881e-07,
          8.8353e-07, 4.2640e-07],
         [1.1661e-07, 5.3316e-07, 1.1166e-06,  ..., 1.5100e-06,
          1.2382e-06, 9.7755e-08],
         ...,
         [7.7240e-07, 1.4650e-06, 1.3558e-06,  ..., 1.1929e-06,
          5.1241e-07, 6.6935e-07],
         [1.1227e-06, 1.5253e-06, 4.5715e-07,  ..., 8.4328e-07,
          7.8329e-07, 1.6472e-06],
         [8.0674e-07, 1.0974e-06, 2.2018e-07,  ..., 1.7501e-07,
          4.2462e-07, 1.0735e-06]]])], [tensor([[[8.3169e-07, 7.1018e-07, 2.6795e-07,  ..., 1.5820e-06,
          3.5835e-07, 7.0766e-07],
         [2.8679e-09, 3.9794e-07, 7.5981e-08,  ..., 3.4156e-06,
          3.7701e-07, 1.1439e-06],
         [1.3998e-07, 1.1778e-06, 5.0960e-07,  ..., 5.1412e-07,
          4.9477e-07, 5.2441e-07],
         ...,
         [1.1784e-06, 9.5766e-07, 1.9266e-06,  ..., 1.6814e-07,
          5.6506e-07, 2.0080e-06],
         [5.3451e-07, 9.2786e-07, 3.0258e-09,  ..., 4.5530e-07,
          8.5268e-08, 1.3651e-06],
         [2.2439e-06, 5.3518e-07, 3.5212e-07,  ..., 3.7637e-07,
          1.4946e-06, 5.0775e-07]]]), tensor([[[1.9993e-07, 9.3518e-07, 2.1065e-06,  ..., 6.8337e-07,
          1.3735e-07, 6.6854e-07],
         [1.7641e-07, 7.4220e-07, 2.6185e-07,  ..., 2.3248e-07,
          1.6293e-06, 8.5636e-07],
         [1.1538e-06, 1.9700e-07, 9.5169e-07,  ..., 1.3634e-08,
          1.5004e-06, 4.7881e-07],
         ...,
         [5.2539e-07, 1.4935e-06, 5.5472e-07,  ..., 9.1608e-07,
          1.5751e-06, 1.5355e-07],
         [3.2406e-07, 1.3125e-07, 5.6995e-07,  ..., 6.1353e-08,
          1.1625e-06, 2.0011e-06],
         [3.2958e-07, 1.7823e-06, 1.4458e-06,  ..., 5.5922e-07,
          4.1040e-07, 1.6864e-06]]]), tensor([[[7.7130e-07, 4.0220e-07, 6.2839e-07,  ..., 1.3019e-06,
          1.2432e-06, 1.8466e-06],
         [5.4209e-07, 5.2147e-07, 1.8749e-06,  ..., 2.7731e-07,
          2.5980e-07, 1.2047e-07],
         [2.3176e-07, 1.5152e-06, 6.2662e-08,  ..., 1.7337e-07,
          1.8657e-06, 8.2088e-07],
         ...,
         [3.3934e-07, 3.9726e-07, 7.4079e-08,  ..., 2.7018e-07,
          1.9928e-06, 4.2378e-08],
         [2.1040e-07, 2.7561e-07, 1.1243e-06,  ..., 1.7162e-07,
          1.3808e-06, 6.8365e-07],
         [1.1098e-06, 3.6710e-07, 7.0369e-07,  ..., 2.2077e-07,
          3.6517e-07, 5.5772e-07]]]), tensor([[[5.8747e-07, 2.6477e-07, 1.4395e-06,  ..., 1.5182e-06,
          1.7482e-06, 1.0602e-08],
         [1.9491e-07, 9.1803e-07, 8.5483e-08,  ..., 5.0972e-07,
          7.4624e-07, 1.3196e-06],
         [1.2137e-06, 7.9936e-07, 3.0351e-07,  ..., 1.0785e-07,
          6.7431e-07, 8.1348e-07],
         ...,
         [1.4175e-06, 6.8252e-07, 1.1726e-06,  ..., 4.0723e-07,
          9.3593e-07, 1.2536e-07],
         [1.6756e-06, 7.8834e-07, 3.7020e-07,  ..., 9.5782e-07,
          6.2286e-07, 5.0032e-07],
         [2.4192e-07, 6.1177e-07, 1.1532e-06,  ..., 1.8319e-07,
          1.2661e-06, 6.6954e-07]]]), tensor([[[7.1094e-07, 1.6631e-06, 1.6603e-07,  ..., 1.2558e-07,
          1.5488e-06, 7.1378e-07],
         [4.0152e-07, 6.5391e-07, 3.7822e-07,  ..., 8.0624e-08,
          1.4397e-07, 1.7940e-06],
         [1.3065e-06, 1.2713e-06, 2.5177e-06,  ..., 6.7733e-07,
          5.3761e-08, 1.7518e-06],
         ...,
         [4.8101e-08, 6.6935e-07, 5.8859e-08,  ..., 1.1503e-06,
          7.6369e-07, 2.5608e-07],
         [7.2813e-07, 3.2760e-07, 2.0410e-06,  ..., 1.8791e-06,
          1.1520e-06, 1.2923e-06],
         [6.1501e-07, 1.9649e-06, 3.1935e-07,  ..., 9.3859e-07,
          1.2973e-07, 2.9861e-07]]]), tensor([[[1.5780e-06, 6.8179e-07, 8.0418e-07,  ..., 2.6755e-08,
          2.3403e-06, 5.4903e-08],
         [1.1365e-06, 1.4230e-06, 2.0627e-06,  ..., 5.7767e-07,
          1.0607e-07, 3.9165e-07],
         [1.6759e-06, 1.4433e-06, 5.3793e-07,  ..., 8.3483e-08,
          2.0917e-06, 1.9229e-07],
         ...,
         [1.7672e-07, 1.4575e-06, 3.9918e-07,  ..., 1.8438e-07,
          8.4434e-08, 4.3485e-07],
         [1.0750e-06, 3.8386e-07, 7.2467e-07,  ..., 2.5936e-06,
          1.6545e-06, 6.3575e-07],
         [4.7378e-07, 9.4101e-07, 3.5831e-07,  ..., 2.9653e-08,
          1.1783e-06, 1.0048e-06]]]), tensor([[[2.3182e-06, 5.7157e-07, 1.2973e-06,  ..., 7.9811e-07,
          1.8073e-06, 1.6310e-07],
         [7.2972e-07, 2.8216e-06, 2.8605e-08,  ..., 4.1947e-08,
          2.7191e-07, 1.0913e-06],
         [2.2750e-06, 5.7372e-07, 4.1741e-08,  ..., 5.7107e-07,
          5.9956e-07, 5.4522e-07],
         ...,
         [7.8863e-07, 4.1010e-07, 8.0826e-08,  ..., 1.5765e-06,
          3.2601e-07, 5.7859e-07],
         [9.6180e-07, 5.9701e-07, 2.1848e-07,  ..., 5.0960e-07,
          2.1423e-06, 9.1565e-07],
         [6.7433e-07, 5.3976e-07, 6.0993e-07,  ..., 6.7217e-07,
          4.0924e-09, 2.1448e-07]]]), tensor([[[1.8159e-07, 1.6382e-06, 6.9925e-07,  ..., 2.4251e-06,
          8.6571e-07, 3.8269e-07],
         [1.5664e-08, 1.5238e-08, 1.0185e-06,  ..., 7.2341e-08,
          9.0905e-07, 7.4591e-08],
         [3.9535e-07, 2.1783e-06, 2.7963e-07,  ..., 7.2300e-07,
          2.2895e-07, 1.3647e-07],
         ...,
         [1.7550e-07, 7.6260e-07, 5.6308e-07,  ..., 1.2631e-06,
          1.4348e-07, 7.1864e-07],
         [1.1863e-06, 5.9102e-08, 2.7122e-07,  ..., 2.4316e-06,
          3.2472e-07, 1.5083e-06],
         [1.0308e-06, 2.4943e-06, 4.5659e-07,  ..., 6.3073e-07,
          2.0353e-07, 8.8887e-07]]]), tensor([[[2.2517e-07, 1.5862e-06, 1.9245e-07,  ..., 8.3083e-07,
          8.1385e-07, 1.2010e-06],
         [4.6000e-07, 1.0768e-06, 1.2375e-06,  ..., 8.7254e-07,
          7.7826e-07, 1.0446e-06],
         [8.9509e-07, 1.7563e-06, 2.1567e-07,  ..., 1.1003e-06,
          1.2445e-06, 2.8680e-07],
         ...,
         [1.1640e-07, 9.0818e-07, 1.4357e-06,  ..., 1.1121e-06,
          1.2032e-06, 1.2774e-06],
         [3.1539e-07, 2.2170e-06, 2.6094e-07,  ..., 8.7568e-07,
          3.2333e-07, 5.3547e-07],
         [3.2235e-07, 7.5512e-07, 1.9357e-07,  ..., 1.1567e-06,
          7.5389e-07, 3.5873e-07]]]), tensor([[[3.8568e-07, 9.9301e-07, 4.9514e-07,  ..., 6.4291e-07,
          4.5965e-07, 1.0691e-06],
         [9.4538e-07, 3.8475e-08, 2.5851e-07,  ..., 6.7866e-07,
          3.2206e-07, 1.7937e-07],
         [1.8842e-06, 8.0946e-07, 2.7483e-07,  ..., 2.2306e-06,
          2.1643e-07, 8.9813e-07],
         ...,
         [4.4547e-07, 9.7131e-07, 1.7645e-06,  ..., 1.7753e-06,
          1.4577e-06, 1.5396e-06],
         [1.8754e-06, 1.5615e-06, 6.5729e-07,  ..., 2.5959e-08,
          9.1003e-07, 4.9013e-07],
         [8.1263e-07, 2.2119e-07, 1.2096e-06,  ..., 2.2669e-07,
          3.4747e-07, 1.3034e-06]]])], [tensor([[[6.0274e-07, 3.6045e-07, 1.3673e-06,  ..., 3.7744e-07,
          7.9407e-07, 4.5576e-07],
         [2.0048e-07, 8.0254e-10, 4.4513e-07,  ..., 4.7280e-08,
          1.0557e-06, 1.7817e-07],
         [2.9375e-07, 2.9908e-07, 2.1358e-07,  ..., 5.0037e-07,
          6.7225e-07, 2.2179e-07],
         ...,
         [1.8121e-06, 1.5167e-06, 7.6136e-07,  ..., 7.4458e-07,
          8.4571e-07, 2.7164e-06],
         [1.8160e-06, 7.8354e-07, 6.3825e-07,  ..., 6.6036e-08,
          2.6910e-07, 1.0864e-06],
         [3.8279e-07, 1.1279e-06, 8.5111e-07,  ..., 3.9836e-07,
          6.3770e-07, 1.4973e-06]]]), tensor([[[2.6601e-06, 1.2514e-07, 5.8196e-08,  ..., 7.4322e-07,
          1.7283e-06, 1.7607e-06],
         [1.2105e-06, 3.6439e-08, 4.9395e-07,  ..., 1.1599e-06,
          1.2484e-06, 3.9330e-07],
         [3.3314e-07, 4.9302e-07, 2.1723e-06,  ..., 3.5144e-07,
          4.1530e-07, 1.2304e-06],
         ...,
         [1.3312e-08, 1.1144e-06, 3.1025e-07,  ..., 7.8155e-07,
          6.1870e-07, 2.2874e-06],
         [2.2073e-07, 9.6932e-07, 1.3139e-06,  ..., 1.3813e-06,
          6.5914e-07, 3.0130e-07],
         [8.4669e-08, 9.1448e-07, 4.9812e-07,  ..., 3.0701e-07,
          1.5704e-06, 6.7797e-07]]]), tensor([[[9.6148e-07, 2.7261e-07, 8.4468e-07,  ..., 3.8038e-07,
          5.1779e-07, 1.3257e-06],
         [2.1332e-07, 2.2134e-07, 1.0457e-06,  ..., 3.3970e-08,
          1.0067e-07, 7.9797e-07],
         [1.7163e-06, 1.1312e-06, 5.5205e-07,  ..., 6.9299e-07,
          2.0798e-07, 4.9139e-07],
         ...,
         [8.1333e-07, 7.3785e-07, 1.8137e-07,  ..., 2.1992e-07,
          1.4672e-07, 1.9348e-06],
         [6.5469e-07, 5.2856e-07, 1.6689e-06,  ..., 4.1364e-07,
          2.9494e-07, 1.0936e-06],
         [3.2274e-07, 8.0016e-07, 7.0640e-07,  ..., 1.8846e-07,
          7.6784e-07, 9.9767e-07]]]), tensor([[[2.3702e-07, 1.0862e-07, 1.9282e-07,  ..., 6.3482e-07,
          7.3472e-07, 1.3950e-07],
         [2.0076e-06, 1.3663e-06, 3.9249e-07,  ..., 2.2192e-06,
          1.0614e-06, 1.0558e-06],
         [9.0599e-07, 1.2199e-07, 1.7357e-09,  ..., 2.4710e-06,
          2.1977e-06, 1.5240e-06],
         ...,
         [3.1632e-07, 5.4506e-07, 1.5274e-06,  ..., 7.7796e-07,
          4.8456e-07, 7.0469e-07],
         [1.0598e-06, 7.3582e-07, 9.0206e-07,  ..., 4.5607e-07,
          1.6178e-06, 1.4569e-06],
         [7.9482e-07, 1.3469e-07, 3.0581e-07,  ..., 2.0242e-07,
          5.8607e-07, 7.4688e-07]]]), tensor([[[1.3722e-06, 4.1373e-07, 1.9203e-07,  ..., 9.6605e-07,
          2.5027e-07, 4.6279e-07],
         [4.0569e-07, 1.0530e-06, 3.1698e-07,  ..., 2.1745e-07,
          6.0197e-07, 8.0292e-07],
         [1.7418e-08, 9.7679e-07, 8.2374e-08,  ..., 1.6067e-07,
          6.9227e-07, 1.3530e-06],
         ...,
         [1.6194e-06, 3.1014e-07, 9.7397e-07,  ..., 1.0751e-06,
          1.8987e-07, 9.0492e-07],
         [1.0276e-06, 7.3082e-07, 1.6256e-06,  ..., 1.2682e-06,
          1.3751e-06, 1.6889e-08],
         [7.3793e-07, 1.8278e-07, 2.0979e-06,  ..., 1.6282e-06,
          4.5830e-07, 4.9770e-07]]]), tensor([[[1.3786e-06, 2.6095e-06, 1.7285e-07,  ..., 6.5932e-07,
          6.7360e-08, 1.1135e-06],
         [1.2424e-06, 1.6278e-06, 1.9207e-07,  ..., 1.6555e-06,
          8.4606e-07, 3.4898e-07],
         [1.2164e-06, 1.2823e-06, 1.8841e-06,  ..., 9.6288e-08,
          8.4448e-07, 2.0793e-06],
         ...,
         [7.6768e-07, 1.3302e-06, 2.6624e-07,  ..., 1.1937e-06,
          2.1355e-06, 1.0336e-06],
         [1.1244e-06, 2.5469e-07, 1.7595e-08,  ..., 1.1499e-06,
          9.5990e-07, 8.2930e-08],
         [5.3910e-07, 1.7945e-06, 1.9530e-06,  ..., 2.3723e-07,
          1.9594e-06, 1.3426e-06]]]), tensor([[[3.0439e-07, 9.1901e-07, 8.6315e-07,  ..., 4.8579e-07,
          1.0042e-07, 1.1579e-06],
         [8.2490e-07, 2.6832e-07, 1.8465e-07,  ..., 3.0245e-07,
          3.2812e-07, 6.6470e-07],
         [6.2095e-07, 8.5892e-09, 1.1350e-06,  ..., 1.6390e-06,
          9.8540e-07, 3.9482e-07],
         ...,
         [1.1297e-07, 1.9410e-06, 1.6635e-06,  ..., 1.0781e-06,
          1.5207e-06, 1.0110e-06],
         [8.9122e-07, 1.8924e-07, 6.2552e-07,  ..., 4.4878e-07,
          4.1571e-07, 7.6201e-07],
         [4.4795e-07, 2.4962e-06, 5.4929e-07,  ..., 1.1049e-06,
          1.7103e-07, 5.9557e-07]]]), tensor([[[1.1228e-06, 3.5557e-07, 4.3954e-07,  ..., 1.7118e-06,
          1.9276e-06, 1.0193e-06],
         [1.3276e-06, 4.7533e-07, 1.8608e-07,  ..., 1.2395e-06,
          3.0022e-07, 5.2629e-07],
         [1.4574e-06, 1.2792e-06, 2.0372e-06,  ..., 1.1143e-08,
          6.0137e-07, 1.1934e-06],
         ...,
         [5.3248e-07, 2.0671e-07, 2.6152e-07,  ..., 1.7261e-06,
          7.9566e-07, 5.4071e-07],
         [1.2661e-06, 6.9932e-07, 4.4200e-07,  ..., 7.0886e-07,
          3.4562e-07, 1.8755e-06],
         [2.4019e-07, 5.5783e-07, 9.0396e-07,  ..., 4.6244e-08,
          1.2310e-07, 1.4625e-06]]]), tensor([[[2.3027e-07, 1.0720e-06, 5.1202e-07,  ..., 9.2174e-07,
          1.5028e-06, 1.8503e-06],
         [1.2201e-06, 2.5875e-07, 1.5419e-07,  ..., 2.2201e-06,
          8.2165e-08, 2.6502e-06],
         [8.0335e-07, 7.9393e-07, 3.0589e-06,  ..., 4.0484e-07,
          1.6921e-06, 1.2907e-07],
         ...,
         [1.1804e-07, 5.9148e-07, 1.5530e-06,  ..., 9.4215e-07,
          4.5841e-07, 7.7428e-07],
         [8.3146e-07, 1.0888e-06, 5.2737e-07,  ..., 1.2288e-08,
          7.8526e-07, 1.9752e-07],
         [3.7206e-07, 4.8102e-07, 5.8826e-07,  ..., 1.5871e-06,
          8.3558e-08, 1.0280e-06]]]), tensor([[[1.5521e-06, 2.6769e-07, 1.3259e-07,  ..., 1.5394e-06,
          2.8819e-06, 1.4844e-06],
         [8.8017e-07, 1.3753e-06, 6.9649e-07,  ..., 7.8643e-07,
          6.0634e-07, 5.0228e-07],
         [1.4804e-06, 1.2238e-06, 1.1500e-06,  ..., 1.3117e-06,
          9.5345e-07, 8.2587e-09],
         ...,
         [4.7152e-07, 2.2058e-06, 1.2936e-06,  ..., 9.3251e-07,
          1.1859e-06, 6.5174e-07],
         [1.0721e-07, 2.2508e-07, 1.2609e-06,  ..., 8.7649e-07,
          7.3533e-07, 1.4639e-06],
         [1.6139e-06, 1.2958e-07, 8.3131e-07,  ..., 1.5189e-07,
          1.3912e-06, 6.4975e-07]]])], [tensor([[[8.0006e-07, 2.7345e-07, 8.0841e-07,  ..., 1.9355e-06,
          3.0177e-06, 4.5939e-07],
         [5.7815e-07, 2.7324e-06, 2.4832e-06,  ..., 1.6407e-06,
          8.3733e-07, 3.6623e-07],
         [4.9454e-07, 5.7781e-08, 1.3620e-06,  ..., 8.9668e-07,
          6.1499e-07, 4.4828e-07],
         ...,
         [8.5936e-07, 8.8337e-08, 8.9482e-07,  ..., 1.7834e-06,
          6.6124e-09, 2.0799e-06],
         [8.2464e-07, 1.4300e-07, 1.9152e-06,  ..., 5.1237e-07,
          6.9051e-07, 5.6068e-07],
         [1.4224e-07, 8.3726e-07, 1.3094e-06,  ..., 1.5424e-06,
          1.1190e-06, 6.7026e-07]]]), tensor([[[2.3762e-06, 8.7470e-07, 6.4019e-07,  ..., 4.3821e-08,
          2.6232e-07, 1.0618e-06],
         [6.7826e-07, 1.0106e-07, 1.0879e-06,  ..., 1.4062e-06,
          5.1503e-07, 5.9584e-07],
         [2.7264e-07, 1.8454e-07, 1.7831e-07,  ..., 1.3123e-06,
          2.3465e-06, 1.3634e-06],
         ...,
         [5.0401e-07, 8.5117e-07, 1.9820e-06,  ..., 1.1149e-06,
          1.5973e-06, 8.4211e-07],
         [5.8484e-07, 4.7681e-07, 1.4469e-06,  ..., 1.9751e-07,
          2.1476e-07, 2.7913e-07],
         [2.4284e-06, 2.6603e-07, 1.0778e-06,  ..., 7.5478e-07,
          1.4130e-06, 1.1565e-07]]]), tensor([[[2.5696e-06, 8.7126e-07, 6.4091e-07,  ..., 1.6164e-06,
          2.2179e-06, 6.4976e-08],
         [1.4986e-06, 1.9271e-06, 8.4289e-07,  ..., 1.4331e-06,
          4.3539e-07, 1.1407e-06],
         [1.0498e-06, 9.1544e-07, 1.8443e-07,  ..., 6.5813e-07,
          9.4636e-07, 8.0841e-07],
         ...,
         [7.0822e-07, 6.7714e-07, 1.0302e-06,  ..., 9.8910e-08,
          6.2388e-07, 2.2288e-06],
         [1.2998e-06, 2.6727e-07, 5.8533e-07,  ..., 8.6535e-07,
          7.4882e-07, 5.1554e-07],
         [2.3533e-07, 4.2835e-07, 7.2974e-07,  ..., 2.1256e-07,
          6.7160e-07, 1.1038e-07]]]), tensor([[[2.4494e-07, 1.8031e-07, 4.1952e-08,  ..., 2.4654e-07,
          2.1083e-06, 7.4463e-07],
         [4.7282e-08, 1.9198e-06, 1.0549e-07,  ..., 2.2069e-07,
          1.0962e-06, 4.0298e-07],
         [9.4832e-07, 8.6636e-07, 2.1029e-06,  ..., 1.4603e-07,
          1.4825e-07, 1.1251e-06],
         ...,
         [7.1037e-07, 6.3284e-07, 1.9659e-06,  ..., 8.1229e-07,
          2.4629e-07, 1.0280e-06],
         [5.0696e-07, 1.6311e-06, 3.0079e-07,  ..., 1.2788e-06,
          5.1981e-07, 1.8777e-06],
         [2.5381e-07, 5.8918e-07, 1.3577e-07,  ..., 9.4941e-07,
          1.4394e-07, 5.8999e-07]]]), tensor([[[1.1131e-06, 1.9619e-06, 1.0505e-06,  ..., 1.0442e-06,
          6.7805e-07, 3.3846e-07],
         [4.2801e-08, 1.4392e-07, 5.1659e-07,  ..., 6.8281e-07,
          9.4323e-07, 5.1243e-07],
         [9.1469e-07, 1.2329e-06, 8.2272e-07,  ..., 5.0397e-07,
          1.7034e-08, 6.4384e-07],
         ...,
         [1.0350e-06, 1.0411e-06, 1.8264e-06,  ..., 9.1644e-07,
          1.7603e-06, 8.5678e-07],
         [2.9957e-08, 2.3946e-07, 1.8919e-06,  ..., 9.1699e-07,
          1.1429e-06, 1.7208e-06],
         [8.8759e-07, 1.1954e-06, 2.2900e-06,  ..., 6.8354e-08,
          1.5271e-06, 1.6085e-06]]]), tensor([[[1.1070e-06, 1.8107e-07, 2.7024e-07,  ..., 6.6805e-07,
          1.5689e-07, 9.5971e-08],
         [1.1043e-06, 3.2529e-07, 1.0908e-06,  ..., 8.1006e-07,
          6.4540e-09, 1.0932e-06],
         [3.1561e-07, 1.1956e-06, 8.4370e-08,  ..., 9.1612e-08,
          4.8519e-07, 5.1199e-07],
         ...,
         [5.5496e-07, 2.1386e-07, 5.0856e-07,  ..., 2.2547e-06,
          1.6444e-06, 1.2719e-06],
         [2.3854e-08, 2.8515e-07, 7.4139e-07,  ..., 1.8471e-06,
          2.9432e-07, 9.4031e-07],
         [6.7841e-07, 4.2992e-07, 1.6131e-07,  ..., 1.5257e-06,
          9.1394e-07, 4.3394e-07]]]), tensor([[[4.5041e-07, 6.9136e-08, 3.8860e-07,  ..., 1.1121e-06,
          3.1447e-07, 1.0022e-06],
         [2.1972e-07, 4.2894e-07, 4.9446e-07,  ..., 2.1513e-07,
          6.4196e-08, 1.0650e-07],
         [1.4795e-06, 6.9433e-07, 1.0111e-06,  ..., 6.9792e-07,
          2.4059e-07, 2.6961e-07],
         ...,
         [6.2962e-07, 8.1603e-07, 9.1607e-08,  ..., 4.4895e-07,
          1.1487e-06, 1.5779e-07],
         [1.3658e-06, 4.3621e-07, 6.8378e-07,  ..., 4.6935e-07,
          6.0697e-07, 1.4075e-06],
         [6.2648e-07, 5.2835e-08, 7.0494e-07,  ..., 1.6710e-06,
          2.2632e-06, 1.1483e-08]]]), tensor([[[2.2280e-07, 1.9298e-06, 2.7725e-07,  ..., 1.7588e-06,
          4.8180e-07, 1.7296e-07],
         [1.0005e-07, 1.2454e-06, 4.2474e-07,  ..., 1.0686e-06,
          7.2395e-07, 2.0602e-06],
         [6.4154e-07, 9.1009e-08, 1.3591e-06,  ..., 8.1416e-07,
          7.1989e-07, 3.0336e-06],
         ...,
         [1.1243e-06, 3.1322e-07, 6.7251e-07,  ..., 3.2245e-07,
          3.2701e-07, 2.0096e-06],
         [5.5623e-07, 6.0432e-07, 3.6487e-07,  ..., 4.8316e-07,
          5.6857e-07, 1.2685e-06],
         [1.4623e-06, 4.1750e-07, 1.9349e-06,  ..., 4.1277e-07,
          2.5919e-06, 2.2938e-06]]]), tensor([[[1.1340e-06, 2.7363e-07, 5.7215e-07,  ..., 1.1209e-06,
          1.8782e-08, 1.5549e-06],
         [1.3845e-06, 3.8019e-07, 3.1166e-07,  ..., 2.1201e-07,
          4.6595e-07, 9.9595e-08],
         [7.2951e-07, 1.2435e-06, 3.5830e-07,  ..., 3.4836e-07,
          1.1441e-07, 1.2799e-09],
         ...,
         [7.9399e-07, 1.8196e-06, 1.8253e-07,  ..., 4.7508e-07,
          2.7254e-08, 2.0431e-06],
         [4.5482e-07, 1.2086e-07, 1.1423e-06,  ..., 8.6719e-07,
          1.9313e-06, 1.0426e-06],
         [1.2404e-06, 1.3279e-06, 7.8621e-07,  ..., 1.0848e-06,
          7.4012e-07, 5.2966e-07]]]), tensor([[[1.7639e-06, 8.1519e-07, 1.3099e-06,  ..., 1.7583e-06,
          1.0240e-07, 1.1039e-06],
         [2.2628e-06, 6.4121e-07, 6.0930e-09,  ..., 5.8867e-07,
          1.3277e-06, 1.0117e-07],
         [2.1397e-06, 7.7745e-07, 8.1319e-07,  ..., 2.3714e-06,
          6.7955e-07, 9.5631e-08],
         ...,
         [1.3158e-06, 6.5268e-07, 1.3451e-06,  ..., 1.2871e-06,
          1.0551e-06, 1.9407e-06],
         [1.1595e-07, 4.2561e-07, 1.6883e-07,  ..., 3.0170e-07,
          3.7731e-07, 1.8147e-07],
         [1.1303e-07, 3.1012e-07, 7.2530e-07,  ..., 4.6837e-07,
          5.5461e-07, 1.5777e-07]]])]]

training label list: <class 'list'> None
[tensor([0., 0., 0., 0., 0., 0., 0., 0., 0., 0., 0., 0., 0., 0., 0., 0., 0., 0., 0., 0.]), tensor([0., 0., 0., 0., 0., 0., 0., 0., 0., 0., 0., 0., 0., 0., 0., 0., 0., 0., 0., 0.]), tensor([0., 0., 0., 0., 0., 0., 0., 0., 0., 0., 0., 0., 0., 0., 0., 0., 0., 0., 0., 0.]), tensor([0., 0., 0., 0., 0., 0., 0., 0., 0., 0., 0., 0., 0., 0., 0., 0., 0., 0., 0., 0.]), tensor([0., 0., 0., 0., 0., 0., 0., 0., 0., 0., 0., 0., 0., 0., 0., 0., 0., 0., 0., 0.])]

testing data list: <class 'list'> None
[[tensor([[[9.5555e-07, 2.2407e-07, 1.3959e-06,  ..., 1.1651e-06,
          1.3334e-06, 1.4172e-06],
         [6.2097e-07, 9.7214e-08, 1.1698e-07,  ..., 7.8507e-07,
          9.6668e-07, 2.3935e-06],
         [1.1978e-06, 8.0590e-07, 2.7056e-07,  ..., 6.8721e-07,
          1.8532e-06, 4.5437e-07],
         ...,
         [7.8032e-07, 3.5716e-07, 8.2116e-07,  ..., 1.7853e-07,
          1.6481e-06, 7.9723e-07],
         [1.0229e-07, 8.8405e-07, 1.0735e-06,  ..., 1.9709e-07,
          2.0316e-06, 3.9524e-07],
         [1.6845e-07, 8.2433e-08, 3.2329e-07,  ..., 1.2299e-06,
          1.1401e-06, 6.3226e-08]]]), tensor([[[2.1208e-06, 3.3392e-07, 9.2078e-07,  ..., 1.8339e-06,
          1.6363e-07, 2.4231e-06],
         [1.6483e-07, 3.1933e-07, 7.3535e-09,  ..., 5.1957e-07,
          1.6838e-06, 1.5932e-06],
         [4.0247e-07, 1.6953e-06, 1.0411e-06,  ..., 1.1004e-06,
          1.5002e-06, 1.9933e-06],
         ...,
         [7.7465e-08, 2.5115e-07, 8.5971e-07,  ..., 1.1937e-07,
          2.3172e-07, 3.1481e-07],
         [6.2098e-07, 6.6770e-07, 1.6980e-06,  ..., 3.0988e-07,
          7.2093e-07, 1.2179e-06],
         [1.0816e-06, 1.5169e-07, 4.4191e-07,  ..., 2.8739e-07,
          3.1708e-07, 1.1569e-06]]]), tensor([[[2.0434e-06, 1.3344e-06, 8.8722e-07,  ..., 2.4714e-07,
          1.1153e-07, 3.5745e-07],
         [7.0222e-08, 4.3456e-07, 1.2095e-06,  ..., 8.9270e-07,
          2.1133e-07, 7.3140e-07],
         [1.5115e-06, 3.2895e-07, 8.5074e-07,  ..., 1.6033e-06,
          1.0857e-06, 1.0222e-06],
         ...,
         [7.7838e-07, 4.9324e-07, 1.1910e-06,  ..., 5.0181e-08,
          5.0891e-07, 7.0866e-07],
         [7.2810e-07, 4.1155e-07, 1.7888e-06,  ..., 2.0526e-06,
          1.3132e-06, 1.1735e-06],
         [7.5225e-07, 1.4594e-06, 9.6280e-07,  ..., 1.6092e-06,
          7.6218e-07, 1.4980e-08]]]), tensor([[[6.2943e-07, 7.6381e-07, 5.0871e-07,  ..., 8.8415e-07,
          8.5179e-07, 1.1105e-06],
         [1.2254e-06, 5.6163e-07, 9.2668e-07,  ..., 4.7398e-07,
          8.0440e-07, 1.3581e-07],
         [2.0144e-06, 2.5541e-07, 1.5618e-07,  ..., 9.9074e-08,
          1.5655e-06, 1.4457e-07],
         ...,
         [9.0507e-07, 8.3757e-07, 1.3716e-06,  ..., 5.6178e-07,
          1.2635e-06, 4.9023e-07],
         [1.6261e-06, 1.0258e-06, 4.2062e-07,  ..., 5.9880e-07,
          1.8754e-07, 9.6680e-07],
         [3.5154e-07, 8.4262e-07, 8.3209e-07,  ..., 2.7825e-06,
          1.7870e-07, 1.6556e-07]]]), tensor([[[1.0371e-06, 1.0560e-06, 1.9359e-06,  ..., 3.6177e-07,
          7.6287e-07, 2.0615e-06],
         [1.2851e-06, 5.0980e-07, 4.5346e-07,  ..., 8.5903e-07,
          1.5145e-06, 1.3632e-08],
         [9.3128e-07, 3.6188e-07, 1.2812e-07,  ..., 2.4094e-06,
          2.4557e-07, 4.0630e-07],
         ...,
         [1.6148e-07, 2.9381e-07, 8.2146e-08,  ..., 1.1256e-08,
          3.2945e-07, 1.6639e-06],
         [8.7012e-07, 7.8765e-07, 3.2882e-07,  ..., 5.3922e-08,
          3.3944e-08, 6.8424e-07],
         [8.9221e-08, 2.1871e-08, 8.2640e-07,  ..., 1.6219e-06,
          9.1615e-07, 4.5804e-07]]]), tensor([[[8.7907e-07, 6.7118e-07, 7.1429e-07,  ..., 1.6848e-06,
          5.1971e-08, 4.0228e-07],
         [2.5438e-07, 2.0747e-07, 2.4582e-07,  ..., 6.1958e-07,
          1.6639e-07, 6.4353e-08],
         [1.1816e-06, 1.0016e-06, 2.6839e-06,  ..., 4.5223e-07,
          1.3511e-06, 3.1229e-07],
         ...,
         [8.7445e-07, 5.8188e-07, 1.5525e-07,  ..., 3.8189e-07,
          2.8177e-07, 1.5646e-06],
         [6.4837e-07, 2.1458e-07, 1.7411e-07,  ..., 5.5918e-08,
          1.0767e-06, 2.5485e-08],
         [3.5245e-07, 1.0314e-06, 4.1135e-07,  ..., 5.3771e-07,
          1.3134e-07, 4.6699e-07]]]), tensor([[[5.1005e-07, 7.4478e-08, 4.5689e-07,  ..., 6.4479e-07,
          1.2243e-06, 1.1449e-06],
         [1.6074e-06, 5.9869e-07, 8.0484e-08,  ..., 3.8877e-07,
          1.0408e-06, 3.5634e-07],
         [6.0563e-07, 6.7220e-07, 1.9917e-06,  ..., 1.1333e-07,
          1.5674e-06, 2.9713e-08],
         ...,
         [1.2232e-07, 1.0800e-06, 1.2572e-06,  ..., 5.5167e-07,
          2.9393e-07, 6.3300e-08],
         [8.0909e-07, 9.6140e-07, 6.2469e-07,  ..., 1.4923e-07,
          6.7677e-09, 8.4700e-07],
         [7.3532e-07, 8.3040e-07, 1.0035e-06,  ..., 6.2254e-07,
          1.0442e-06, 7.8913e-07]]]), tensor([[[1.3603e-07, 1.2366e-07, 7.6788e-07,  ..., 4.4219e-07,
          5.7882e-07, 1.8464e-07],
         [4.5345e-07, 4.4651e-07, 1.5619e-07,  ..., 8.8314e-08,
          1.1841e-06, 6.2080e-07],
         [3.5122e-07, 1.2699e-06, 1.2753e-06,  ..., 8.0422e-08,
          1.1977e-06, 1.0579e-07],
         ...,
         [1.1001e-06, 9.1564e-07, 1.5242e-06,  ..., 1.1600e-07,
          5.3256e-07, 8.8352e-07],
         [1.6986e-06, 1.5804e-06, 1.1589e-07,  ..., 4.0135e-07,
          1.9425e-07, 9.0498e-07],
         [1.6975e-06, 5.6442e-07, 5.3051e-07,  ..., 4.8814e-07,
          2.7846e-06, 5.6428e-07]]]), tensor([[[2.3155e-08, 4.8072e-07, 7.5457e-07,  ..., 1.5766e-06,
          2.4949e-07, 4.8698e-07],
         [3.2612e-07, 5.9633e-07, 5.8523e-07,  ..., 8.4523e-08,
          8.4710e-07, 3.1036e-06],
         [5.9499e-07, 7.6942e-08, 1.8426e-06,  ..., 4.9371e-07,
          1.0750e-06, 5.7763e-07],
         ...,
         [1.3018e-06, 1.5940e-06, 5.6794e-07,  ..., 9.1313e-07,
          2.2159e-07, 2.0905e-06],
         [3.9253e-07, 9.3144e-07, 4.6635e-07,  ..., 1.6730e-06,
          1.8027e-06, 4.0269e-07],
         [2.5704e-07, 9.7524e-07, 1.0644e-06,  ..., 1.7048e-06,
          8.6334e-07, 3.3763e-06]]]), tensor([[[1.1646e-06, 1.7341e-06, 1.0308e-06,  ..., 2.6164e-06,
          1.5315e-06, 1.5661e-08],
         [2.3260e-07, 4.6626e-07, 2.6514e-07,  ..., 9.8819e-07,
          1.5858e-06, 1.0224e-06],
         [3.1377e-07, 1.2311e-06, 3.8719e-07,  ..., 5.3780e-07,
          1.0043e-06, 3.4074e-07],
         ...,
         [2.4337e-07, 1.3055e-07, 6.3442e-07,  ..., 8.3606e-07,
          1.2011e-07, 1.2657e-06],
         [4.2014e-07, 3.2757e-08, 4.2589e-07,  ..., 5.3279e-07,
          1.8104e-07, 2.7627e-07],
         [2.7530e-07, 1.1642e-06, 9.5404e-07,  ..., 1.8040e-06,
          9.5741e-07, 1.2146e-06]]])], [tensor([[[2.9951e-06, 8.1506e-07, 4.6214e-07,  ..., 2.7013e-07,
          4.8520e-07, 5.0089e-07],
         [2.3333e-06, 8.0331e-07, 1.0365e-06,  ..., 2.4745e-07,
          3.9071e-07, 1.8700e-06],
         [3.1411e-07, 9.5433e-07, 6.7268e-07,  ..., 8.1127e-07,
          9.6352e-07, 1.6709e-07],
         ...,
         [1.6826e-06, 6.8262e-07, 1.1463e-06,  ..., 9.5426e-07,
          4.5564e-07, 7.3654e-07],
         [3.6578e-07, 2.1411e-07, 2.8820e-08,  ..., 1.2212e-06,
          3.0855e-07, 3.3311e-07],
         [5.3752e-07, 3.0006e-08, 1.4141e-06,  ..., 5.2989e-08,
          5.9834e-07, 4.2352e-07]]]), tensor([[[1.1057e-07, 4.3349e-07, 2.8054e-07,  ..., 7.2446e-07,
          1.2735e-06, 6.7920e-07],
         [1.3246e-06, 1.0586e-06, 2.4104e-07,  ..., 6.7857e-07,
          1.0387e-06, 5.6188e-07],
         [8.5051e-08, 5.9844e-07, 8.0679e-07,  ..., 7.8240e-07,
          5.6389e-07, 1.7362e-06],
         ...,
         [4.6683e-07, 2.1434e-06, 4.2910e-07,  ..., 3.0583e-07,
          5.5321e-07, 8.1513e-07],
         [2.7303e-07, 6.2335e-07, 7.2168e-07,  ..., 5.3138e-07,
          1.0938e-06, 2.3431e-06],
         [3.0273e-07, 1.7307e-06, 2.8591e-08,  ..., 1.1240e-06,
          9.3514e-07, 6.1160e-07]]]), tensor([[[1.2323e-07, 1.4029e-06, 1.8602e-07,  ..., 1.0417e-06,
          1.1068e-06, 8.9342e-07],
         [1.8081e-06, 2.2451e-07, 8.6543e-07,  ..., 1.9978e-06,
          7.0966e-07, 6.4170e-07],
         [2.5946e-07, 4.3862e-07, 1.1629e-06,  ..., 4.3938e-07,
          6.7617e-07, 2.0241e-06],
         ...,
         [5.0174e-07, 1.0463e-06, 4.6085e-07,  ..., 1.2770e-07,
          2.4389e-07, 2.2118e-06],
         [1.8400e-06, 6.4980e-07, 2.6420e-07,  ..., 6.2581e-07,
          4.9833e-07, 1.6374e-07],
         [2.5965e-07, 4.3196e-07, 5.9972e-07,  ..., 2.8644e-06,
          6.3942e-07, 1.7775e-07]]]), tensor([[[1.5027e-06, 9.3676e-07, 2.4961e-06,  ..., 2.9043e-07,
          3.3119e-07, 1.5094e-06],
         [4.6151e-07, 2.8547e-07, 8.3586e-07,  ..., 9.4187e-07,
          7.3538e-07, 4.3990e-07],
         [1.4453e-06, 1.1449e-06, 2.3794e-07,  ..., 2.2980e-07,
          4.5661e-07, 8.1613e-07],
         ...,
         [1.0194e-06, 7.8993e-07, 1.7616e-07,  ..., 7.2998e-07,
          7.3059e-07, 1.7283e-06],
         [5.9879e-07, 2.0658e-08, 1.9296e-07,  ..., 3.7265e-07,
          9.1838e-07, 1.3377e-06],
         [2.0724e-08, 9.4656e-07, 1.2924e-06,  ..., 1.1242e-06,
          1.7113e-07, 2.5831e-07]]]), tensor([[[1.1090e-06, 6.4495e-07, 1.0380e-06,  ..., 7.3418e-07,
          5.4992e-07, 1.0737e-06],
         [7.9588e-08, 1.4041e-06, 1.6806e-06,  ..., 4.6983e-07,
          8.9012e-08, 7.4338e-07],
         [1.3149e-06, 1.8510e-06, 5.5674e-07,  ..., 7.2397e-07,
          1.2627e-07, 6.4223e-07],
         ...,
         [4.2310e-08, 9.6924e-07, 9.9700e-07,  ..., 1.0398e-06,
          1.3789e-06, 6.5967e-07],
         [6.6387e-07, 4.1498e-07, 8.8915e-07,  ..., 1.1995e-06,
          1.5750e-06, 2.6626e-07],
         [9.6450e-07, 2.0082e-07, 9.1817e-07,  ..., 3.9110e-09,
          2.7804e-06, 6.8046e-07]]]), tensor([[[4.3142e-07, 1.2675e-06, 1.7580e-07,  ..., 8.4594e-07,
          2.8597e-07, 8.5977e-07],
         [1.5199e-06, 5.1212e-07, 1.2021e-06,  ..., 2.5812e-06,
          4.0139e-07, 2.5292e-06],
         [1.6100e-06, 3.2578e-07, 4.2420e-07,  ..., 8.8555e-09,
          3.1647e-07, 4.6884e-07],
         ...,
         [6.6687e-08, 4.4989e-07, 9.8942e-07,  ..., 1.2932e-07,
          6.4321e-08, 1.6769e-07],
         [5.1571e-07, 1.0994e-07, 3.2910e-07,  ..., 9.1756e-08,
          6.1453e-07, 1.2009e-09],
         [4.9733e-07, 6.5528e-07, 3.9351e-07,  ..., 1.0833e-07,
          9.9045e-07, 7.3507e-07]]]), tensor([[[3.9663e-07, 7.5941e-07, 6.4554e-07,  ..., 2.7050e-07,
          1.0067e-06, 1.0332e-06],
         [8.2418e-08, 8.4584e-07, 4.5366e-07,  ..., 1.9951e-07,
          3.9673e-07, 1.2244e-07],
         [2.2862e-07, 1.1349e-07, 1.6429e-06,  ..., 1.8569e-07,
          1.1791e-06, 9.9416e-07],
         ...,
         [1.1310e-06, 1.5986e-06, 1.9308e-06,  ..., 1.9110e-06,
          1.1742e-06, 1.4220e-06],
         [5.9740e-07, 1.2811e-06, 6.3913e-07,  ..., 1.9434e-06,
          1.4718e-07, 1.5769e-06],
         [1.9380e-07, 1.1637e-06, 7.6947e-07,  ..., 6.1171e-07,
          1.1169e-07, 1.1079e-06]]]), tensor([[[6.7176e-07, 1.5069e-06, 1.4947e-06,  ..., 1.4638e-06,
          1.1240e-06, 2.0440e-07],
         [3.1483e-07, 2.7210e-07, 6.5752e-07,  ..., 3.2560e-07,
          8.4322e-07, 1.1576e-06],
         [7.0489e-07, 1.2155e-06, 3.0236e-06,  ..., 1.0773e-06,
          8.0522e-07, 3.5907e-07],
         ...,
         [2.4648e-08, 1.3766e-06, 1.8542e-06,  ..., 2.7827e-07,
          9.7600e-07, 1.0743e-07],
         [1.5032e-06, 2.6865e-06, 5.9994e-07,  ..., 2.4777e-07,
          8.2553e-08, 1.7230e-06],
         [1.2679e-07, 2.3287e-07, 4.0302e-07,  ..., 4.8078e-08,
          1.0600e-06, 8.7410e-07]]]), tensor([[[3.3669e-07, 1.6157e-07, 5.6702e-07,  ..., 3.4835e-07,
          3.0770e-07, 4.7951e-07],
         [1.6587e-07, 9.3285e-07, 9.5529e-08,  ..., 8.3928e-07,
          2.5998e-07, 8.9013e-07],
         [1.2520e-06, 1.9467e-08, 1.6382e-06,  ..., 6.0691e-07,
          4.8970e-07, 9.4914e-07],
         ...,
         [6.0104e-07, 5.9430e-07, 1.1202e-06,  ..., 8.3700e-07,
          2.7257e-06, 2.4865e-07],
         [1.5594e-06, 1.1029e-06, 1.0285e-08,  ..., 1.7551e-06,
          1.4496e-06, 1.1272e-06],
         [4.1767e-07, 1.2088e-06, 6.1375e-07,  ..., 1.2068e-06,
          1.4568e-07, 9.7686e-07]]]), tensor([[[9.8694e-08, 8.7380e-07, 2.2498e-07,  ..., 1.5469e-06,
          1.5588e-07, 7.4276e-08],
         [6.0142e-07, 5.7828e-07, 1.7264e-07,  ..., 1.2003e-07,
          1.5952e-07, 9.8302e-07],
         [5.1401e-07, 1.0235e-07, 3.1373e-07,  ..., 1.2995e-06,
          1.5207e-06, 2.2193e-07],
         ...,
         [2.5410e-07, 2.5497e-06, 1.3748e-06,  ..., 2.1604e-06,
          3.4878e-07, 4.9833e-07],
         [1.3376e-07, 1.0416e-06, 1.2027e-06,  ..., 4.3751e-07,
          1.2625e-07, 1.4393e-06],
         [5.1064e-07, 6.3051e-07, 1.8371e-07,  ..., 3.5081e-06,
          1.5852e-06, 7.3562e-08]]])], [tensor([[[5.1796e-07, 3.7919e-07, 9.4998e-07,  ..., 2.7534e-07,
          1.0412e-06, 6.4070e-07],
         [1.4124e-07, 1.2501e-06, 6.0546e-07,  ..., 9.6601e-07,
          4.9961e-07, 1.6198e-06],
         [1.5506e-06, 5.2007e-07, 1.2430e-06,  ..., 1.3414e-06,
          1.4109e-06, 1.7804e-06],
         ...,
         [1.0197e-06, 1.2533e-06, 3.4606e-07,  ..., 1.1739e-06,
          4.6399e-07, 2.8517e-07],
         [1.8254e-06, 1.0681e-06, 1.5314e-07,  ..., 6.8062e-07,
          5.1834e-07, 1.0032e-06],
         [5.5866e-07, 1.1966e-07, 5.0583e-07,  ..., 2.9390e-07,
          1.6351e-06, 3.1411e-07]]]), tensor([[[6.6894e-07, 7.8506e-07, 6.1283e-07,  ..., 9.9515e-07,
          1.1916e-06, 1.7212e-06],
         [5.5629e-07, 1.1354e-06, 7.4058e-07,  ..., 2.2646e-07,
          1.1035e-07, 8.1784e-07],
         [1.8865e-06, 3.6918e-07, 5.3526e-07,  ..., 8.3586e-07,
          1.1742e-07, 6.6719e-08],
         ...,
         [6.2735e-07, 8.7531e-07, 3.2731e-07,  ..., 7.1422e-07,
          1.6040e-07, 1.4891e-07],
         [8.5021e-07, 7.0398e-07, 8.7586e-07,  ..., 2.8306e-08,
          1.8482e-06, 4.2481e-07],
         [8.3152e-07, 6.3073e-07, 2.1470e-06,  ..., 7.0079e-07,
          2.1797e-07, 8.2536e-07]]]), tensor([[[1.7127e-06, 6.3893e-07, 8.4605e-07,  ..., 1.7185e-07,
          9.0557e-07, 1.3840e-06],
         [4.5263e-07, 1.2974e-06, 1.8649e-06,  ..., 1.5783e-07,
          1.0716e-06, 5.8641e-07],
         [3.8412e-07, 6.7686e-07, 1.1840e-06,  ..., 3.6693e-07,
          5.9225e-07, 2.7610e-06],
         ...,
         [7.2195e-07, 2.6744e-06, 1.3180e-06,  ..., 1.9623e-07,
          8.9227e-07, 1.2521e-06],
         [2.1210e-07, 1.5040e-06, 1.3517e-06,  ..., 4.9487e-07,
          2.8541e-07, 1.4840e-06],
         [1.5027e-06, 1.3922e-06, 2.4086e-07,  ..., 1.8195e-06,
          1.1422e-09, 7.1477e-07]]]), tensor([[[7.5415e-07, 1.7674e-06, 1.5609e-06,  ..., 4.3988e-07,
          1.5982e-06, 1.3860e-06],
         [1.0387e-07, 2.8831e-07, 3.6127e-08,  ..., 1.2242e-07,
          1.1374e-06, 7.6814e-07],
         [5.7298e-07, 4.6327e-07, 1.0970e-06,  ..., 1.5066e-06,
          2.2036e-06, 4.9001e-07],
         ...,
         [9.0506e-07, 2.0278e-06, 1.6981e-06,  ..., 3.7401e-07,
          6.0934e-07, 3.6398e-07],
         [5.5658e-07, 1.2644e-06, 3.6353e-07,  ..., 4.0929e-07,
          1.3477e-06, 5.7097e-07],
         [1.0040e-06, 6.6350e-07, 1.9658e-07,  ..., 3.9965e-07,
          8.3930e-07, 4.3992e-08]]]), tensor([[[2.2248e-07, 8.7473e-08, 5.0161e-07,  ..., 5.3116e-07,
          8.8907e-07, 4.2714e-07],
         [7.9844e-07, 1.4013e-06, 3.0032e-07,  ..., 7.5243e-07,
          1.9671e-06, 5.6931e-07],
         [1.0812e-06, 1.2229e-06, 1.1677e-07,  ..., 1.0080e-07,
          9.9357e-07, 7.7136e-07],
         ...,
         [1.6048e-06, 7.6505e-07, 8.5434e-07,  ..., 4.8459e-07,
          3.7734e-07, 1.8470e-08],
         [3.1335e-07, 1.3908e-06, 8.2570e-07,  ..., 1.0904e-06,
          1.6849e-07, 1.5501e-06],
         [6.7608e-08, 1.0856e-06, 5.4627e-07,  ..., 9.7185e-10,
          1.0968e-08, 1.5718e-06]]]), tensor([[[6.4916e-07, 9.5320e-07, 1.5791e-06,  ..., 1.5595e-07,
          1.6548e-08, 3.3223e-07],
         [4.1767e-07, 1.2069e-07, 2.7960e-07,  ..., 3.1269e-07,
          9.1263e-07, 9.0053e-07],
         [1.8617e-07, 2.9706e-07, 7.0000e-07,  ..., 5.6669e-07,
          5.9814e-07, 3.3983e-07],
         ...,
         [9.6273e-07, 1.4244e-06, 1.1837e-06,  ..., 7.8825e-07,
          7.7181e-07, 1.5469e-06],
         [8.8793e-07, 8.9638e-07, 6.3420e-07,  ..., 1.8265e-06,
          8.7023e-07, 2.4769e-06],
         [1.5992e-07, 6.8161e-07, 1.0340e-06,  ..., 4.2575e-07,
          4.5258e-07, 1.1961e-06]]]), tensor([[[1.0329e-06, 3.2602e-07, 5.8833e-10,  ..., 6.5039e-07,
          3.8292e-07, 1.0434e-06],
         [1.9379e-07, 3.1536e-07, 2.3831e-07,  ..., 8.8320e-07,
          3.0443e-07, 7.6994e-07],
         [1.4065e-07, 1.0048e-06, 1.1910e-06,  ..., 4.8315e-07,
          2.7529e-07, 8.6970e-07],
         ...,
         [3.0963e-07, 5.6392e-07, 7.3546e-07,  ..., 3.3605e-07,
          9.3010e-07, 5.3401e-07],
         [1.5923e-06, 1.2037e-06, 1.7524e-06,  ..., 1.9653e-08,
          1.2023e-06, 1.0100e-06],
         [4.2095e-07, 2.7652e-07, 5.9223e-07,  ..., 1.2079e-06,
          4.4603e-07, 1.2821e-06]]]), tensor([[[9.0429e-07, 9.1615e-07, 1.6204e-06,  ..., 5.4623e-07,
          9.3701e-08, 1.7951e-06],
         [8.3950e-07, 9.6094e-08, 7.8380e-07,  ..., 2.4417e-08,
          5.7361e-07, 1.3294e-06],
         [9.6995e-07, 8.7246e-08, 1.8364e-06,  ..., 6.1416e-07,
          2.9984e-07, 4.8049e-08],
         ...,
         [4.7565e-07, 2.6271e-07, 6.7714e-07,  ..., 1.4202e-06,
          1.5556e-07, 2.5178e-08],
         [2.0134e-06, 1.8198e-07, 2.8279e-07,  ..., 7.4269e-07,
          5.6223e-07, 2.1189e-07],
         [2.6097e-07, 1.1900e-08, 7.5590e-07,  ..., 7.6564e-07,
          1.5844e-06, 1.4244e-06]]]), tensor([[[1.0372e-06, 1.5590e-06, 1.0231e-06,  ..., 8.6241e-07,
          9.2518e-07, 6.5284e-07],
         [3.7405e-07, 3.3942e-07, 5.1805e-07,  ..., 4.9591e-07,
          3.3442e-07, 1.5519e-07],
         [1.1833e-07, 1.7034e-06, 7.2426e-07,  ..., 3.5758e-07,
          6.2397e-07, 1.8146e-06],
         ...,
         [1.1555e-06, 8.7636e-07, 4.1505e-07,  ..., 4.6998e-07,
          2.4420e-07, 6.8059e-07],
         [6.7547e-08, 5.7722e-07, 5.4187e-07,  ..., 1.1609e-06,
          1.6861e-06, 9.6668e-07],
         [3.6154e-07, 1.3405e-06, 8.8107e-08,  ..., 1.0113e-06,
          8.9634e-07, 7.1925e-07]]]), tensor([[[2.4050e-08, 9.6427e-07, 7.0255e-07,  ..., 3.3359e-06,
          2.3545e-07, 4.4205e-07],
         [1.1747e-06, 3.7011e-07, 2.7822e-06,  ..., 7.4620e-07,
          6.7403e-07, 9.4212e-07],
         [1.3770e-07, 5.1024e-07, 2.6800e-07,  ..., 2.6716e-06,
          6.9456e-07, 1.7400e-08],
         ...,
         [3.2461e-07, 2.1164e-06, 8.5456e-07,  ..., 6.4648e-07,
          7.9073e-07, 5.9779e-07],
         [5.4897e-07, 1.3441e-06, 5.0652e-07,  ..., 1.0350e-06,
          1.3798e-06, 4.8193e-07],
         [2.4788e-07, 1.2113e-06, 2.8223e-07,  ..., 9.3278e-07,
          9.2046e-08, 1.2197e-06]]])], [tensor([[[1.1919e-06, 9.1779e-07, 6.5747e-07,  ..., 1.0113e-06,
          1.9422e-06, 1.4465e-06],
         [1.4895e-07, 5.8030e-07, 9.2662e-07,  ..., 9.1263e-07,
          1.9219e-06, 2.6016e-07],
         [1.0603e-08, 6.2446e-07, 5.8855e-07,  ..., 1.9133e-06,
          7.5390e-07, 4.1703e-07],
         ...,
         [2.4785e-07, 5.7145e-07, 1.5677e-06,  ..., 1.4298e-06,
          2.7225e-07, 7.9034e-07],
         [7.9388e-09, 7.7809e-07, 8.0507e-07,  ..., 3.8571e-07,
          1.1028e-06, 2.5811e-07],
         [8.8950e-07, 6.8902e-08, 8.8513e-07,  ..., 2.2493e-08,
          8.7130e-09, 1.9473e-07]]]), tensor([[[5.0893e-07, 1.8470e-06, 6.0289e-07,  ..., 1.1384e-07,
          3.0440e-07, 6.1891e-07],
         [1.2404e-06, 3.8589e-07, 1.0165e-06,  ..., 3.3650e-07,
          1.1344e-06, 1.4846e-07],
         [9.4318e-07, 1.2015e-07, 1.7845e-06,  ..., 4.4547e-07,
          9.9676e-07, 4.6081e-07],
         ...,
         [6.9535e-07, 9.4440e-07, 1.0721e-07,  ..., 9.7100e-07,
          8.6414e-08, 1.7409e-07],
         [1.3614e-06, 9.5278e-07, 3.0145e-07,  ..., 2.1762e-06,
          2.0927e-06, 3.8485e-07],
         [9.4994e-07, 1.0466e-06, 1.1936e-06,  ..., 1.9068e-07,
          5.5756e-08, 2.7805e-07]]]), tensor([[[5.6306e-07, 1.8907e-06, 1.0161e-06,  ..., 1.7725e-07,
          1.3204e-07, 1.9840e-07],
         [1.6387e-06, 1.4529e-06, 9.7813e-07,  ..., 1.5911e-06,
          6.6830e-07, 4.7524e-07],
         [8.3005e-08, 7.4273e-07, 4.5263e-08,  ..., 3.6080e-07,
          1.1396e-06, 1.6290e-07],
         ...,
         [5.9767e-07, 4.4757e-07, 9.8137e-07,  ..., 6.2087e-08,
          7.6258e-07, 1.3368e-06],
         [1.8528e-08, 1.0388e-06, 1.9320e-09,  ..., 5.7556e-07,
          4.7254e-07, 9.4998e-08],
         [6.9903e-07, 7.0626e-07, 1.3291e-07,  ..., 1.2260e-06,
          1.2290e-07, 7.4758e-07]]]), tensor([[[3.1124e-07, 2.1196e-06, 1.9145e-06,  ..., 3.8165e-07,
          5.0477e-08, 8.1032e-09],
         [5.0880e-07, 1.5741e-06, 1.2565e-06,  ..., 1.1292e-06,
          1.8342e-06, 2.1691e-06],
         [1.1308e-06, 1.3892e-06, 9.3266e-07,  ..., 8.5174e-07,
          1.3092e-06, 2.0131e-07],
         ...,
         [5.7360e-08, 1.1879e-06, 3.5772e-07,  ..., 2.6777e-07,
          5.2859e-07, 5.5592e-07],
         [9.0042e-07, 2.3356e-08, 1.1994e-06,  ..., 3.3405e-07,
          7.9858e-07, 8.1393e-07],
         [1.0495e-06, 9.0439e-07, 2.8816e-07,  ..., 6.7874e-07,
          8.0318e-08, 3.2791e-07]]]), tensor([[[6.6513e-07, 6.1615e-07, 5.1543e-08,  ..., 1.3568e-06,
          2.6380e-08, 5.9447e-08],
         [1.0203e-06, 2.8942e-08, 1.9984e-06,  ..., 3.9096e-07,
          5.9945e-07, 4.2364e-07],
         [2.1776e-07, 1.0264e-07, 7.3342e-07,  ..., 1.3963e-06,
          3.5161e-07, 1.3245e-06],
         ...,
         [7.9884e-07, 1.1743e-06, 4.3370e-07,  ..., 2.2817e-07,
          6.2470e-08, 2.7045e-07],
         [1.9172e-06, 1.3452e-06, 1.0233e-06,  ..., 2.5882e-07,
          5.9638e-08, 1.9290e-06],
         [1.2635e-06, 1.4875e-06, 7.0172e-08,  ..., 2.4772e-06,
          1.7169e-06, 4.4076e-07]]]), tensor([[[2.3714e-07, 1.7257e-06, 2.2876e-07,  ..., 7.0158e-07,
          5.2469e-07, 6.8887e-07],
         [1.0146e-07, 5.1758e-07, 5.4771e-07,  ..., 1.6950e-06,
          2.0838e-07, 1.7998e-06],
         [3.7215e-07, 1.8426e-07, 2.8978e-07,  ..., 6.4104e-07,
          1.1780e-06, 8.7989e-07],
         ...,
         [2.7855e-07, 6.4625e-07, 8.4968e-07,  ..., 6.9842e-07,
          1.3648e-06, 2.6123e-06],
         [5.7591e-07, 8.8777e-07, 9.9109e-07,  ..., 7.7432e-07,
          1.3544e-06, 5.0361e-07],
         [1.9558e-06, 4.5566e-07, 5.4012e-07,  ..., 1.8297e-06,
          1.8558e-07, 1.4913e-06]]]), tensor([[[1.9529e-06, 2.4661e-07, 2.0218e-06,  ..., 2.1821e-06,
          9.5534e-07, 3.9725e-07],
         [4.3177e-07, 7.1335e-07, 1.7733e-07,  ..., 1.4175e-06,
          2.1926e-06, 1.0071e-06],
         [1.7315e-06, 2.0751e-07, 8.7533e-07,  ..., 1.5531e-06,
          2.5422e-07, 3.8902e-07],
         ...,
         [5.5892e-07, 6.1467e-07, 7.0717e-07,  ..., 9.2024e-07,
          7.2328e-07, 1.6175e-06],
         [2.2669e-07, 4.5917e-07, 1.7694e-07,  ..., 1.2052e-06,
          5.1773e-07, 8.8532e-07],
         [1.4241e-06, 4.2755e-07, 2.3554e-07,  ..., 8.9471e-07,
          1.6974e-06, 2.8435e-07]]]), tensor([[[2.3790e-07, 6.4379e-07, 1.1233e-06,  ..., 6.6328e-07,
          1.7336e-06, 1.2457e-06],
         [2.2616e-07, 9.7588e-07, 2.5265e-07,  ..., 1.5030e-06,
          8.2344e-07, 8.2687e-07],
         [8.0853e-07, 1.1580e-06, 9.5284e-07,  ..., 2.1410e-08,
          1.6577e-06, 6.9294e-07],
         ...,
         [7.3836e-07, 2.0745e-07, 6.3895e-07,  ..., 3.8095e-07,
          1.9071e-06, 8.5161e-08],
         [3.6415e-07, 1.2021e-06, 3.0654e-07,  ..., 5.2543e-07,
          3.3315e-07, 9.3436e-07],
         [1.0208e-06, 3.6232e-07, 1.0886e-06,  ..., 7.4153e-07,
          3.5830e-07, 7.9449e-07]]]), tensor([[[9.7269e-07, 8.9616e-07, 1.3197e-06,  ..., 1.1687e-07,
          7.4310e-07, 1.0645e-06],
         [2.5525e-06, 7.6776e-07, 6.0120e-07,  ..., 2.8381e-07,
          1.7848e-06, 2.3647e-07],
         [1.1060e-06, 3.2019e-07, 1.3770e-06,  ..., 9.4962e-07,
          1.8249e-07, 3.7218e-07],
         ...,
         [3.7042e-07, 5.2798e-07, 5.2344e-07,  ..., 5.6365e-07,
          1.2326e-06, 1.5449e-06],
         [2.5163e-07, 8.7367e-07, 2.5072e-07,  ..., 9.5528e-07,
          1.0829e-07, 1.3352e-06],
         [1.1996e-06, 6.8697e-07, 1.1024e-07,  ..., 1.7630e-06,
          1.6731e-06, 8.8030e-07]]]), tensor([[[5.4743e-07, 1.7110e-06, 7.0585e-07,  ..., 3.7839e-07,
          2.1306e-06, 1.5503e-06],
         [3.0602e-06, 4.1675e-07, 9.6101e-07,  ..., 1.6133e-07,
          8.6830e-07, 1.5680e-07],
         [8.8248e-07, 2.0108e-06, 2.5426e-06,  ..., 5.4408e-07,
          9.6790e-07, 1.6439e-06],
         ...,
         [3.2379e-07, 4.1024e-07, 1.7933e-06,  ..., 2.6667e-07,
          7.4653e-08, 3.9328e-07],
         [6.1242e-08, 6.0737e-07, 1.4668e-06,  ..., 2.2460e-07,
          7.4028e-07, 1.3828e-06],
         [1.0579e-06, 9.2523e-07, 8.2750e-07,  ..., 1.3927e-06,
          1.5131e-06, 1.3917e-06]]])], [tensor([[[4.3124e-07, 2.7807e-07, 4.1904e-07,  ..., 7.1282e-07,
          6.7469e-07, 4.3313e-07],
         [4.8979e-07, 2.3723e-06, 9.7774e-07,  ..., 1.2687e-06,
          1.1612e-06, 2.2615e-06],
         [7.5258e-07, 8.3787e-07, 5.9872e-07,  ..., 4.0388e-07,
          1.3983e-07, 1.1568e-06],
         ...,
         [3.2091e-07, 8.8600e-07, 1.2281e-07,  ..., 1.5558e-06,
          1.3791e-06, 1.0489e-06],
         [2.0651e-06, 9.0198e-07, 4.0677e-07,  ..., 1.6127e-07,
          3.4390e-07, 1.1842e-06],
         [1.4151e-06, 1.0252e-06, 5.5778e-07,  ..., 4.7089e-07,
          3.0556e-07, 2.1279e-06]]]), tensor([[[1.1880e-06, 2.4766e-07, 1.0416e-06,  ..., 1.2908e-06,
          3.8801e-08, 1.3039e-06],
         [2.9939e-07, 1.3131e-06, 4.2649e-07,  ..., 2.4456e-08,
          3.1810e-08, 2.0261e-08],
         [4.3373e-07, 1.2016e-06, 8.3970e-07,  ..., 8.2323e-07,
          5.7263e-07, 1.5384e-07],
         ...,
         [1.1475e-06, 6.8690e-07, 2.8110e-07,  ..., 1.2764e-07,
          2.0454e-06, 8.1126e-09],
         [7.8804e-07, 9.0781e-07, 6.1584e-07,  ..., 1.0541e-06,
          4.5225e-07, 8.1083e-07],
         [1.6931e-06, 1.1925e-06, 5.2365e-07,  ..., 8.9505e-07,
          1.6833e-06, 5.7635e-07]]]), tensor([[[1.3043e-06, 8.7081e-08, 2.1454e-08,  ..., 7.8156e-08,
          1.2335e-06, 4.7032e-07],
         [1.9189e-07, 1.2107e-06, 9.4427e-07,  ..., 3.1257e-07,
          1.4113e-06, 9.3818e-07],
         [6.9904e-07, 7.9432e-07, 1.6831e-06,  ..., 8.4969e-08,
          6.5902e-07, 2.0825e-07],
         ...,
         [1.2203e-06, 9.6840e-07, 3.0639e-08,  ..., 1.6718e-07,
          2.9437e-08, 3.9409e-07],
         [2.3766e-07, 1.6617e-06, 6.0691e-07,  ..., 2.3967e-07,
          4.6258e-07, 9.6608e-07],
         [1.6783e-08, 7.8853e-07, 2.1415e-07,  ..., 7.9829e-07,
          1.0015e-06, 1.4643e-06]]]), tensor([[[5.1504e-07, 1.0698e-06, 1.4143e-06,  ..., 2.0403e-06,
          5.2432e-07, 4.0760e-07],
         [1.3780e-07, 1.2687e-06, 3.5264e-07,  ..., 3.6746e-07,
          1.5637e-06, 5.5432e-07],
         [6.7215e-07, 1.5616e-06, 1.5435e-06,  ..., 2.1838e-06,
          6.0856e-07, 4.5249e-07],
         ...,
         [1.2838e-07, 1.3392e-06, 1.0609e-06,  ..., 3.4052e-07,
          1.7311e-06, 8.2309e-07],
         [6.2364e-08, 1.9622e-06, 9.5417e-08,  ..., 1.1161e-06,
          4.8788e-07, 3.5902e-07],
         [4.6994e-07, 3.3153e-07, 4.6445e-07,  ..., 5.1670e-07,
          1.8876e-07, 7.5949e-08]]]), tensor([[[5.7264e-07, 6.6894e-07, 2.2168e-07,  ..., 8.7452e-07,
          1.3208e-06, 3.5487e-07],
         [1.0045e-06, 2.0882e-07, 3.6709e-07,  ..., 7.3312e-07,
          6.7862e-07, 1.2135e-06],
         [1.0097e-06, 3.1379e-07, 6.1233e-08,  ..., 1.6987e-07,
          1.2241e-06, 7.4516e-07],
         ...,
         [8.5292e-07, 2.0007e-07, 1.7816e-08,  ..., 9.5066e-08,
          1.1911e-06, 1.5757e-07],
         [7.3649e-08, 7.8212e-07, 2.5789e-07,  ..., 7.7198e-07,
          2.0280e-07, 4.3820e-07],
         [2.6486e-07, 5.6102e-07, 1.2534e-06,  ..., 1.0256e-06,
          2.4326e-06, 1.4682e-06]]]), tensor([[[2.3859e-07, 7.8372e-07, 1.2352e-06,  ..., 1.5633e-06,
          1.0087e-06, 3.8147e-07],
         [1.7520e-07, 5.2349e-07, 1.0443e-06,  ..., 8.4377e-07,
          1.6560e-06, 2.3925e-07],
         [4.0491e-07, 4.8792e-07, 1.1772e-09,  ..., 1.3565e-06,
          8.0575e-07, 2.7495e-07],
         ...,
         [1.3570e-06, 6.9220e-07, 6.5246e-07,  ..., 2.2285e-06,
          7.1737e-07, 1.3995e-07],
         [2.7028e-08, 9.2941e-07, 8.2682e-07,  ..., 1.3933e-06,
          1.9716e-06, 2.5359e-07],
         [5.6722e-07, 9.1393e-07, 1.4000e-06,  ..., 6.8187e-07,
          2.7690e-07, 1.3627e-06]]]), tensor([[[7.1349e-07, 1.1454e-06, 4.8639e-07,  ..., 2.1105e-07,
          1.1672e-06, 1.4793e-06],
         [7.6307e-07, 2.6582e-07, 3.1318e-07,  ..., 5.0794e-07,
          6.6544e-07, 4.4936e-07],
         [9.3064e-07, 2.5121e-07, 7.4864e-07,  ..., 9.5565e-07,
          1.3480e-06, 1.1530e-06],
         ...,
         [4.8118e-07, 5.2531e-07, 1.9186e-07,  ..., 1.3639e-06,
          1.2943e-07, 1.7839e-07],
         [1.6653e-06, 1.2568e-06, 6.0783e-07,  ..., 1.2159e-06,
          5.3517e-07, 2.9988e-07],
         [1.6783e-07, 1.4242e-07, 1.2212e-06,  ..., 4.2307e-07,
          4.3828e-07, 1.6035e-07]]]), tensor([[[2.0075e-06, 2.0926e-06, 2.7856e-06,  ..., 1.5803e-06,
          3.7069e-07, 9.3557e-07],
         [2.4819e-06, 6.6560e-07, 1.3728e-06,  ..., 1.0225e-06,
          1.6285e-06, 1.2126e-06],
         [4.2111e-07, 1.0138e-06, 7.6503e-07,  ..., 1.4110e-06,
          1.8160e-06, 4.1881e-07],
         ...,
         [6.3819e-07, 6.9970e-07, 9.3371e-07,  ..., 1.3792e-06,
          1.0279e-06, 1.2070e-06],
         [8.9624e-07, 8.1872e-07, 2.8505e-07,  ..., 7.6914e-07,
          3.7992e-07, 9.0355e-07],
         [9.8289e-07, 1.1876e-06, 1.0663e-06,  ..., 1.0015e-06,
          2.8839e-07, 6.5549e-08]]]), tensor([[[1.5533e-06, 1.4811e-08, 1.5928e-06,  ..., 9.6258e-07,
          4.8080e-08, 2.8159e-07],
         [3.0167e-07, 5.7981e-07, 6.8016e-07,  ..., 2.0579e-07,
          3.7414e-07, 8.6132e-07],
         [2.5182e-07, 1.9553e-07, 1.0424e-07,  ..., 6.0624e-07,
          6.0006e-07, 1.4781e-06],
         ...,
         [5.4385e-07, 2.0578e-06, 1.4741e-06,  ..., 1.5464e-06,
          7.1769e-07, 1.2049e-07],
         [5.6322e-07, 2.1312e-07, 2.2627e-06,  ..., 1.1578e-07,
          1.9089e-07, 2.6600e-07],
         [4.7172e-07, 4.4028e-07, 2.5362e-07,  ..., 1.2521e-06,
          1.5937e-06, 8.1317e-07]]]), tensor([[[3.9795e-07, 8.4236e-07, 1.6923e-06,  ..., 8.6270e-07,
          4.6153e-07, 1.1043e-06],
         [4.5295e-07, 1.9102e-06, 1.4807e-06,  ..., 9.1026e-07,
          4.7005e-07, 2.1499e-07],
         [2.8597e-07, 1.3778e-07, 9.7836e-07,  ..., 1.2932e-06,
          7.3082e-07, 1.0067e-06],
         ...,
         [9.8205e-07, 8.1426e-09, 6.4425e-07,  ..., 3.7435e-07,
          5.6467e-07, 5.2980e-07],
         [4.3776e-08, 1.2936e-06, 5.5269e-07,  ..., 8.2608e-07,
          7.2037e-07, 1.2889e-06],
         [1.1433e-06, 2.3957e-07, 1.1843e-06,  ..., 4.1960e-07,
          7.5253e-08, 3.5626e-07]]])]]

testing label list: <class 'list'> None
[tensor([0., 0., 0., 0., 0., 0., 0., 0., 0., 0., 0., 0., 0., 0., 0., 0., 0., 0., 0., 0.]), tensor([0., 0., 0., 0., 0., 0., 0., 0., 0., 0., 0., 0., 0., 0., 0., 0., 0., 0., 0., 0.]), tensor([0., 0., 0., 0., 0., 0., 0., 0., 0., 0., 0., 0., 0., 0., 0., 0., 0., 0., 0., 0.]), tensor([0., 0., 0., 0., 0., 0., 0., 0., 0., 0., 0., 0., 0., 0., 0., 0., 0., 0., 0., 0.]), tensor([0., 0., 0., 0., 0., 0., 0., 0., 0., 0., 0., 0., 0., 0., 0., 0., 0., 0., 0., 0.])]

time: <class 'str'> None
260103_001533

classdir: <class 'list'> None
[[0, 3, 4, 19], [0, 1, 10, 4, 19], [1, 10, 4, 19, 5, 13], [1, 10, 2, 11, 14, 5, 13], [2, 11, 14, 5, 13, 6, 15, 17]]
